<Hierarchy>:
	<Frame>: 0 1 Thorn_Projectile
		<Transform>: 0 0 0 0 0 0 1 1 1 0 0 0 1  
		<TransformMatrix>: 1 0 0 0 0 1 0 0 0 0 1 0 0 0 0 1  
		<Mesh>: 18 Thorn_Projectile
			<Bounds>: -0.004659342 -0.005940907 0.01044426 0.056595 0.05662561 0.08806114
			<Positions>: 18 0.002713019 -0.06256652 -0.07761688 -0.001144946 -0.002249276 0.09850541 -0.06125434 0.0005722982 -0.07335727 -0.06125434 0.0005722982 -0.07335727 -0.001144946 -0.002249276 0.09850541 -0.005785854 0.05068471 -0.07757136 -0.005785854 0.05068471 -0.07757136 -0.001144946 -0.002249276 0.09850541 0.05193566 0.003191306 -0.07435193 0.05193566 0.003191306 -0.07435193 -0.001144946 -0.002249276 0.09850541 0.002713019 -0.06256652 -0.07761688 0.002713019 -0.06256652 -0.07761688 -0.06125434 0.0005722982 -0.07335727 -0.005785854 0.05068471 -0.07757136 0.002713019 -0.06256652 -0.07761688 -0.005785854 0.05068471 -0.07757136 0.05193566 0.003191306 -0.07435193  
			<Colors>: 0  
			<TextureCoords0>: 18 0.1648182 0.887727 0.1650644 0.5661345 0.1732767 0.887727 0.1732767 0.6861041 0.1650644 0.3645117 0.1636083 0.6861041 0.1636083 0.6861041 0.1650644 0.3645117 0.1551782 0.6861041 0.1551782 0.887727 0.1650644 0.5661345 0.1648182 0.887727 0.1648182 0.9777687 0.1732767 0.9438387 0.1636083 0.9438387 0.1648182 0.9777687 0.1636083 0.9438387 0.1551782 0.9777687  
			<TextureCoords1>: 0  
			<Normals>: 18 -0.6767997 -0.7008742 0.2252057 -0.6767997 -0.7008742 0.2252056 -0.6767997 -0.7008742 0.2252056 -0.6414372 0.7298684 0.236327 -0.6414373 0.7298683 0.2363269 -0.6414372 0.7298683 0.2363269 0.6137822 0.7603639 0.2124107 0.6137821 0.7603639 0.2124107 0.6137821 0.7603639 0.2124106 0.775756 -0.5915909 0.2195973 0.775756 -0.5915909 0.2195973 0.775756 -0.5915909 0.2195973 -0.07130624 -0.004950235 -0.9974422 -0.07130624 -0.004950235 -0.9974422 -0.07130624 -0.004950235 -0.9974422 0.05969097 0.004880682 -0.9982049 0.05969098 0.004880682 -0.9982049 0.05969098 0.004880682 -0.9982049  
			<Tangents>: 18 -0.710903 0.7016951 0.04733935 -0.710903 0.7016951 0.04733934 -0.710903 0.7016951 0.04733935 -0.7408476 -0.6693108 0.05628427 -0.7408475 -0.6693107 0.05628425 -0.7408476 -0.6693108 0.05628427 -0.7714903 0.6347843 -0.04303006 -0.7714904 0.6347842 -0.04303007 -0.7714904 0.6347842 -0.04303007 -0.598781 -0.7999275 -0.03971729 -0.598781 -0.7999275 -0.0397173 -0.598781 -0.7999275 -0.0397173 -0.7408476 -0.6693108 0.05628427 -0.7408476 -0.6693108 0.05628426 -0.7408476 -0.6693108 0.05628426 -0.5987809 -0.7999274 -0.03971731 -0.598781 -0.7999275 -0.03971731 -0.598781 -0.7999274 -0.03971731  
			<BiTangents>: 18 0.1912046 0.1280601 0.9731606 0.1912046 0.1280601 0.9731606 0.1912046 0.1280601 0.9731606 0.1992563 -0.1389794 0.970042 0.1992563 -0.1389794 0.9700421 0.1992563 -0.1389794 0.9700421 -0.1675535 -0.1374617 0.9762326 -0.1675535 -0.1374617 0.9762326 -0.1675534 -0.1374617 0.9762326 -0.1991583 0.1006797 0.9747818 -0.1991583 0.1006797 0.9747818 -0.1991582 0.1006797 0.9747818 -0.6678774 0.7429661 0.04405866 -0.6678774 0.7429661 0.04405866 -0.6678774 0.7429661 0.04405866 -0.7986854 0.6000769 -0.04482599 -0.7986854 0.6000769 -0.044826 -0.7986853 0.600077 -0.04482599  
			<SubMeshes>: 1
				<SubMesh>: 0 18 0 1 2 3 4 5 6 7 8 9 10 11 12 13 14 15 16 17  
		</Mesh>
		<Materials>: 1
			<Material>: 0
				<AlbedoColor>: 1 1 1 1
				<EmissiveColor>: 0 0 0 1
				<Glossiness>: 0
				<Metallic>: 0
				<SpecularHighlight>: 1
				<GlossyReflection>: 1
				<AlbedoMap>: Cacti
				<MetallicMap>: null
				<NormalMap>: null
				<EmissionMap>: null
				<DetailAlbedoMap>: null
				<DetailNormalMap>: null
		</Materials>
		<Children>: 0
	</Frame>
</Hierarchy>
